4.371000000000000441e+00
3.168333333333332558e+00
1.608566666666666833e+01
4.372333333333333627e+00
1.296933333333333316e+01
1.301849999999999952e+01
2.505366666666666831e+01
9.627333333333330856e+00
3.834333333333333815e+00
1.361725000000000207e+01
2.170233333333333547e+01
1.375733333333333164e+01
1.168233333333333235e+01
2.059000000000000163e+00
1.181499999999999950e+01
3.167966666666666598e+01
3.344899999999999807e+01
4.749666666666666259e+00
4.649333333333333762e+00
1.348366666666666802e+01
5.567333333333333911e+00
8.209666666666665336e+00
1.184533333333333616e+01
2.159666666666666845e+00
5.296666666666665968e+00
1.919000000000000039e+00
1.340000000000000080e+00
5.430666666666666309e+00
1.401366666666666561e+01
2.713333333333332931e+00
4.233999999999999986e+00
6.746666666666668810e+00
2.005999999999999783e+00
1.226200000000000045e+01
5.045666666666667410e+00
1.237733333333333086e+01
2.357866666666666688e+01
1.805433333333333223e+01
1.033233333333333448e+01
2.818033333333333346e+01
5.756333333333333080e+00
2.509466666666666512e+01
2.344933333333333891e+01
1.926299999999999812e+01
1.157766666666666744e+01
1.807066666666666777e+01
1.067799999999999905e+01
1.228999999999999915e+01
1.275494444444444753e+01
2.303911111111111865e+01
1.668033333333333346e+01
5.306000000000000938e+00
1.874033333333333573e+01
2.526266666666666794e+01
1.345633333333333326e+01
1.205324999999999847e+01
4.357333333333333059e+00
4.919999999999999929e+00
4.421999999999998820e+00
4.492333333333332845e+00
3.557333333333332348e+00
1.333666666666666778e+01
1.277133333333333454e+01
4.833000000000001073e+00
1.665033333333333587e+01
1.277133333333333454e+01
1.042366666666666397e+01
8.244999999999999218e+00
2.086666666666666448e+00
3.809666666666666757e+00
1.285300000000000153e+01
1.332166666666666721e+01
1.675866666666666660e+01
4.850999999999999979e+00
1.361866666666666603e+01
3.002999999999999670e+00
3.145333333333334203e+00
1.201133333333333475e+01
1.861633333333333340e+01
1.284999999999999964e+01
3.402133333333333809e+01
1.502933333333333366e+01
6.637666666666667048e+00
7.064666666666666650e+00
1.041166666666666529e+01
2.675733333333333164e+01
4.403999999999999915e+00
8.680333333333331680e+00
3.511666666666667602e+00
1.343799999999999883e+01
1.097733333333333228e+01
1.196233333333333526e+01
1.108100000000000129e+01
5.011000000000000121e+00
7.375333333333331076e+00
1.298466666666666569e+01
2.283900000000000219e+01
5.981999999999999318e+00
7.798666666666666636e+00
7.174999999999999822e+00
5.283666666666666956e+00
2.098999999999999755e+00
2.968199999999999861e+01
5.504666666666667929e+00
4.226666666666665684e+00
3.943666666666666654e+00
7.334333333333332483e+00
5.423666666666666636e+00
5.511333333333334750e+00
1.344433333333333458e+01
2.776500000000000057e+01
1.173400000000000176e+01
3.775900000000000745e+01
1.272566666666666535e+01
3.991000000000000103e+00
1.876700000000000301e+01
1.926166666666666671e+01
3.851533333333333786e+01
5.152000000000000135e+00
1.158900000000000219e+01
1.353766666666666652e+01
5.764999999999999680e+00
4.764666666666667716e+00
4.203733333333334343e+01
2.635000000000000231e+00
2.053100000000000236e+01
4.312000000000000455e+01
3.362399999999999523e+01
1.356266666666666687e+01
1.336333333333333684e+01
6.540333333333334664e+00
1.300033333333333374e+01
1.669666666666666899e+01
6.147999999999998799e+00
1.698533333333333317e+01
1.307233333333333114e+01
3.660433333333332939e+01
4.147666666666665947e+00
1.157199999999999918e+01
1.345900000000000318e+01
6.609333333333333727e+00
3.948666666666666547e+00
1.314899999999999913e+01
6.002333333333333520e+00
1.254533333333333189e+01
1.014233333333333498e+01
8.682333333333332348e+00
4.158666666666666067e+00
6.077999999999999403e+00
1.280433333333333401e+01
4.163999999999999702e+00
1.221033333333333282e+01
5.457666666666667332e+00
3.878333333333333144e+01
1.304633333333333312e+01
4.103666666666666352e+00
7.589999999999999858e+00
4.027700000000000102e+01
3.620566666666666578e+01
5.412333333333333663e+00
4.294666666666667076e+00
6.678666666666666529e+00
1.121983333333333377e+01
1.285466666666666846e+01
1.482300000000000217e+01
4.840400000000001057e+01
6.702666666666664774e+00
4.060599999999999454e+01
9.111333333333332618e+00
3.661066666666666691e+01
1.005833333333333357e+01
5.585333333333332817e+00
1.255433333333333579e+01
1.336266666666666580e+01
1.239333333333333265e+01
1.570333333333333581e+00
4.351666666666667460e+00
1.230433333333333756e+01
1.231066666666666798e+01
3.963166666666666771e+01
1.305000000000000426e+01
1.138100000000000200e+01
1.910933333333333550e+01
3.637566666666666748e+01
6.649666666666663950e+00
4.439133333333332843e+01
1.328633333333333333e+01
3.065333333333332799e+00
4.912999999999999368e+00
2.188299999999999912e+01
3.147700000000000031e+01
1.212600000000000122e+01
2.585333333333333705e+00
4.333733333333334059e+01
1.164366666666666639e+01
1.456466666666666576e+01
7.006333333333333080e+00
1.169799999999999862e+01
1.295500000000000007e+01
4.017999999999998906e+00
5.185666666666666202e+00
1.780799999999999983e+01
4.342166666666666686e+01
3.209799999999999898e+01
2.600466666666666882e+01
4.283000000000000362e+00
4.375600000000000023e+01
1.760999999999999899e+00
3.697333333333332916e+00
1.327566666666666784e+01
2.089100000000000179e+01
8.951000000000000512e+00
8.275666666666666060e+00
1.662900000000000134e+01
1.019033333333333324e+01
1.138100000000000200e+01
1.312933333333333330e+01
1.207800000000000118e+01
5.677333333333333343e+00
5.562333333333333130e+00
1.366766666666666552e+01
3.176333333333333453e+00
1.046766666666666978e+01
1.273133333333333361e+01
4.034799999999999187e+01
1.165266666666666850e+01
1.403800000000000026e+01
2.403333333333333321e+00
1.271199999999999974e+01
1.621033333333333459e+01
1.306094444444444669e+01
1.313400000000000212e+01
1.354033333333333289e+01
7.395999999999999908e+00
8.824333333333333584e+00
1.456983333333333341e+01
1.448866666666666525e+01
2.005099999999999838e+01
2.487333333333333396e+00
3.495000000000000107e+00
1.372733333333333583e+01
3.146333333333333204e+00
5.272666666666667723e+00
1.641000000000000458e+00
1.311633333333333340e+01
3.344999999999999751e+00
1.665966666666666995e+01
5.416333333333331446e+00
1.086566666666666947e+01
7.491333333333332511e+00
3.170000000000000373e+00
1.375566666666666649e+01
9.342999999999999972e+00
3.891633333333334122e+01
5.352000000000000313e+00
1.256533333333333502e+01
1.188427777777777905e+01
1.031766666666666765e+01
1.146733333333333427e+01
5.209333333333333371e+00
2.193966666666666754e+01
2.308000000000000274e+00
1.754333333333333522e+00
3.935000000000000053e+00
4.718333333333332824e+00
1.020766666666666644e+01
2.879800000000000182e+01
2.973999999999999311e+00
1.855633333333333468e+01
1.104699999999999704e+01
9.462999999999999190e+00
5.425333333333333563e+00
1.127666666666666906e+01
8.653000000000000469e+00
3.351300000000000523e+01
1.262733333333333263e+01
5.761000000000001009e+00
1.561899999999999977e+01
1.714666666666666561e+00
3.552000000000000046e+00
1.471866666666666745e+01
3.406700000000000017e+01
1.384533333333333260e+01
1.967433333333333323e+01
1.318966666666666576e+01
1.285833333333333250e+01
1.195133333333333425e+01
7.328999999999998849e+00
2.819222222222221408e+00
4.870633333333334036e+01
1.217433333333333145e+01
1.090833333333333321e+01
8.905999999999998806e+00
3.827566666666666606e+01
1.023199999999999932e+01
1.442633333333333212e+01
3.978000000000000203e+00
3.447433333333333394e+01
4.205633333333332757e+01
1.029900000000000126e+01
2.019666666666666277e+00
1.529199999999999804e+01
1.287566666666666748e+01
1.142477777777777881e+01
1.090666666666666451e+01
9.908999999999998920e+00
1.296683333333333366e+01
4.795666666666666522e+00
7.339999999999999858e+00
1.328661111111111381e+01
2.131866666666666887e+01
1.326233333333333420e+01
1.187299999999999933e+01
1.581716666666667059e+01
5.814333333333334686e+00
3.237666666666666249e+00
2.922666666666665858e+00
1.501733333333333498e+01
9.259666666666667822e+00
6.189999999999998614e+00
7.547666666666666302e+00
2.182999999999999829e+01
1.656900000000000261e+01
1.295433333333333259e+01
2.982999999999999652e+00
1.405833333333333535e+01
1.270333333333333137e+01
4.332333333333333591e+00
5.208666666666667666e+00
1.237866666666666760e+01
3.286999999999999478e+00
8.986333333333334394e+00
1.256416666666666693e+01
1.277133333333333454e+01
1.084600000000000009e+01
4.809299999999999642e+01
4.874666666666666259e+00
3.001333333333333631e+00
1.151733333333333320e+01
1.229933333333333145e+01
6.984999999999998543e+00
3.601333333333333719e+00
4.334333333333332483e+00
1.371133333333333582e+01
7.916666666666666075e+00
1.456800000000000139e+01
1.506966666666666654e+01
1.048566666666666691e+01
3.749899999999999523e+01
1.438994444444444198e+01
4.897999999999998799e+00
4.480666666666666131e+00
4.469999999999999751e+00
5.846333333333333826e+00
1.334666666666666579e+01
4.406666666666667176e+00
9.948333333333334139e+00
1.154833333333333378e+01
3.968266666666666964e+01
2.738033333333333275e+01
1.549566666666666848e+01
4.434666666666666757e+00
5.521777777777777452e+00
1.510433333333333117e+01
1.593099999999999916e+01
1.644633333333333169e+01
1.335699999999999932e+01
9.872999999999997556e+00
9.464999999999999858e+00
4.055433333333333934e+01
4.117666666666666586e+00
2.985099999999999909e+01
2.732999999999999652e+00
1.746699999999999875e+01
5.043666666666666742e+00
1.088633333333333297e+01
2.766766666666666552e+01
3.472466666666666413e+01
1.288700000000000045e+01
1.278133333333333432e+01
2.464033333333333786e+01
4.866000000000000547e+00
8.592999999999999972e+00
3.816666666666666874e+00
3.234666666666666135e+00
4.213000000000000078e+00
1.834666666666666757e+01
7.227000000000002089e+00
1.386366666666666703e+01
1.018266666666666609e+01
5.430666666666666309e+00
5.822000000000000064e+00
4.095666666666666345e+00
5.940333333333332355e+00
3.191533333333333289e+01
3.375000000000000000e+00
1.097333333333333272e+01
1.290500000000000114e+01
2.428000000000000824e+01
3.463633333333333297e+01
9.956333333333333258e+00
5.897333333333333094e+00
1.258866666666666667e+01
5.494333333333334402e+00
1.914933333333333465e+01
6.442666666666665876e+00
1.158633333333333404e+01
3.622166666666666401e+01
3.211666666666666448e+00
8.963444444444442993e+00
1.367366666666666575e+01
1.266783333333333417e+01
2.367000000000000171e+01
9.262666666666666160e+00
5.847999999999999865e+00
3.572899999999999920e+01
7.536666666666667069e+00
5.173999999999998600e+00
4.937666666666666870e+00
2.856333333333332725e+00
1.411899999999999977e+01
5.237666666666666693e+00
1.690333333333333465e+00
6.631666666666665044e+00
1.111533333333333218e+01
8.766666666666667496e+00
5.949666666666667325e+00
4.414633333333333809e+01
1.258066666666666578e+01
1.117466666666666519e+01
3.884966666666665702e+01
5.326333333333334252e+00
1.285366666666666724e+01
1.128877777777777780e+01
7.431000000000000050e+00
1.389000000000000012e+00
1.149866666666666859e+01
5.548999999999998600e+00
3.894666666666667254e+01
1.554100000000000037e+01
4.029055555555554946e+00
2.237999999999999545e+00
1.654977777777777703e+01
3.728333333333333943e+00
2.256733333333333391e+01
4.471666666666666679e+00
1.643100000000000094e+01
8.902333333333334764e+00
4.356999999999999318e+00
1.356266666666666687e+01
1.974411111111111339e+01
1.454033333333333289e+01
3.898799999999999244e+01
1.336566666666666592e+01
2.198733333333333206e+01
1.262066666666666670e+01
1.237166666666666792e+01
4.120666666666666700e+00
1.233300000000000018e+01
5.588999999999999524e+00
1.271666666666666679e+01
4.405666666666666842e+00
1.309125000000000227e+01
1.158799999999999741e+01
4.368333333333333179e+00
3.002999999999999670e+00
4.663999999999999702e+00
6.440666666666664320e+00
1.543366666666666553e+01
1.264333333333333442e+01
1.184866666666666646e+01
4.018699999999999761e+01
4.275433333333333508e+01
4.688333333333333464e+00
1.160733333333333306e+01
4.269666666666666721e+00
1.290327777777778095e+01
4.398333333333334316e+00
1.369033333333333502e+01
8.371666666666666146e+00
2.198633333333333439e+01
1.582666666666666888e+00
9.344666666666663346e+00
3.108900000000000219e+01
1.276033333333333353e+01
9.189333333333333798e+00
4.966666666666666785e+00
8.767666666666666941e+00
1.033966666666666612e+01
3.863333333333333730e+00
4.405333333333333101e+00
8.234333333333331950e+00
1.309961111111111265e+01
4.583833333333331872e+00
3.191533333333333289e+01
6.320999999999999730e+00
1.763733333333333064e+01
2.271333333333333648e+00
1.783866666666666490e+01
3.106333333333332725e+00
9.419333333333332448e+00
3.915000000000000036e+00
7.081333333333332369e+00
1.387666666666666870e+01
8.293333333333333002e+00
3.247333333333332739e+00
1.045366666666666511e+01
3.774666666666666259e+01
1.847333333333333716e+00
1.265799999999999947e+01
9.943666666666665321e+00
3.725666666666666682e+00
1.218461111111111173e+01
9.192999999999996064e+00
2.600499999999999901e+01
3.164666666666667183e+00
1.230666666666666664e+01
5.766999999999999460e+00
1.086966666666666725e+01
4.193999999999999950e+00
8.798666666666665748e+00
1.178166666666666629e+01
4.953666666666666885e+00
6.146000000000000796e+00
6.389333333333332199e+00
4.349000000000000199e+00
1.214266666666666694e+01
9.345333333333334380e+00
1.360133333333333461e+01
4.964433333333332854e+01
3.660333333333333883e+00
1.291999999999999815e+01
1.206666666666666643e+01
2.395000000000000018e+00
1.021633333333333304e+01
2.453466666666666640e+01
8.930000000000001492e+00
6.661333333333332440e+00
1.115833333333333144e+01
1.229466666666666796e+01
4.545666666666666522e+00
6.112333333333334728e+00
1.980766666666666609e+01
1.417566666666666819e+01
3.826333333333332920e+00
6.607000000000001982e+00
5.977999999999999758e+00
1.084866666666666823e+01
4.151133333333333297e+01
1.093100000000000094e+01
3.824600000000000222e+01
5.933999999999999275e+00
4.888666666666666494e+00
7.901333333333332654e+00
3.634999999999999343e+00
3.282333333333333325e+00
1.479066666666666485e+01
1.080699999999999861e+01
1.047333333333333272e+01
1.149927777777777926e+01
2.860700000000000287e+01
6.165999999999999481e+00
9.801666666666669414e+00
8.371666666666666146e+00
4.481833333333332448e+00
7.068000000000002281e+00
3.364333333333333176e+00
2.276866666666666461e+01
5.440000000000000391e+00
9.255333333333330970e+00
5.987000000000000099e+00
1.266500000000000092e+01
5.835333333333333705e+00
2.521533333333333715e+01
1.311733333333333285e+01
1.226300000000000168e+01
2.409333333333333549e+00
2.759433333333333493e+01
1.450600000000000200e+01
1.129233333333333533e+01
1.861033333333333672e+01
5.511000000000000121e+00
1.446733333333333427e+01
5.103333333333333499e+00
1.058600000000000207e+01
3.992333333333333734e+00
5.525333333333334096e+00
3.552000000000000046e+00
1.306266666666666865e+01
2.614833333333333343e+01
1.120599999999999952e+01
2.571266666666667078e+01
1.200100000000000122e+01
4.115999999999999659e+00
6.360333333333333172e+00
1.030566666666666720e+01
1.048333333333333250e+01
6.578666666666667773e+00
3.612633333333333496e+01
1.331466666666666576e+01
4.387366666666666504e+01
4.164000000000000057e+01
4.384333333333334082e+01
1.259166666666666679e+01
2.106766666666667120e+01
1.455466666666666420e+01
5.051000000000000156e+00
5.211666666666667780e+00
1.205433333333333579e+01
7.854999999999997762e+00
5.346666666666664902e+00
5.504333333333333300e+00
2.552800000000000225e+01
4.019800000000000040e+01
2.007200000000000273e+01
4.845000000000000639e+00
7.125999999999999446e+00
5.644000000000001016e+00
3.656433333333333735e+01
4.316733333333333889e+01
4.215533333333333843e+01
2.846666666666666679e+00
1.644966666666666910e+01
1.286433333333333628e+01
1.253999999999999915e+01
5.259333333333334082e+00
9.289333333333331666e+00
3.601666666666666128e+00
3.900000000000000711e+01
1.276999999999999957e+01
3.106333333333332725e+00
2.332133333333333169e+01
1.366833333333333123e+01
2.520900000000000318e+01
2.212766666666666637e+01
8.861333333333334394e+00
2.574900000000000233e+01
1.078100000000000058e+01
8.103999999999999204e+00
1.375599999999999845e+01
1.645866666666666589e+01
4.301333333333333009e+00
2.628933333333333522e+01
1.163066666666666649e+01
1.595266666666666744e+01
4.415133333333334065e+01
1.258550000000000146e+01
1.039666666666666650e+01
9.399333333333332874e+00
1.315016666666666723e+01
1.194400000000000084e+01
3.630166666666665876e+00
4.571666666666667211e+00
8.313666666666664540e+00
8.064999999999997726e+00
2.730233333333333334e+01
1.141466666666666718e+01
6.001000000000000334e+00
8.226999999999998536e+00
3.969999999999999307e+00
6.440333333333333243e+00
1.094866666666666788e+01
2.793900000000000361e+01
4.998222222222220346e+00
1.148633333333333262e+01
1.083066666666666755e+01
2.237666666666667137e+00
1.923033333333333061e+01
4.975666666666667126e+00
8.769666666666667609e+00
9.492999999999998550e+00
6.224999999999999645e+00
1.644033333333333502e+01
5.229333333333332945e+00
2.708977777777777973e+01
1.286866666666666781e+01
1.104866666666666930e+01
8.946333333333331694e+00
1.227566666666666606e+01
3.405933333333333479e+01
6.153666666666667950e+00
8.726333333333334608e+00
9.971666666666665790e+00
1.075399999999999956e+01
2.615066666666666606e+01
5.026199999999999335e+01
2.749000000000000110e+00
4.382666666666666266e+00
2.473666666666666458e+00
1.270333333333333137e+01
4.570666666666665989e+00
9.728000000000001535e+00
1.042166666666666508e+01
6.389000000000000234e+00
2.239333333333332732e+00
1.804100000000000392e+01
1.560566666666666791e+01
9.010666666666669045e+00
3.525566666666666293e+01
2.373499999999999943e+01
6.667333333333333556e+00
2.753999999999999559e+00
1.193699999999999939e+01
4.173333333333333783e+00
2.928999999999999826e+00
1.326233333333333597e+01
5.078000000000000291e+00
6.293000000000001037e+00
1.910333333333333528e+01
2.536933333333333351e+01
7.201666666666667993e+00
1.195099999999999874e+01
6.337333333333334373e+00
1.333666666666666778e+01
8.581333333333335034e+00
1.397200000000000308e+01
6.348333333333332718e+00
3.807666666666666533e+00
1.544000000000000261e+00
1.418600000000000172e+01
1.096133333333333404e+01
6.929666666666666686e+01
1.346966666666666512e+01
1.363599999999999746e+01
1.137074999999999925e+01
6.832666666666668220e+00
5.414333333333333442e+00
1.879333333333333522e+00
4.081333333333334146e+00
1.307899999999999885e+01
1.328033333333333488e+01
8.636666666666666714e+00
1.174666666666666615e+01
6.912000000000000810e+00
1.095333333333333270e+00
4.744666666666665478e+00
1.312733333333333263e+01
4.881333333333333968e+00
4.020200000000000529e+01
1.520133333333333425e+01
1.972666666666666790e+00
1.072466666666666946e+01
5.371999999999999886e+00
3.954666666666667219e+00
1.197833333333333172e+01
1.282499999999999929e+01
1.871333333333333293e+00
6.720666666666665456e+00
1.177200000000000024e+01
8.882666666666665378e+00
8.773333333333333428e+00
1.204033333333333466e+01
4.430333333333333456e+00
8.850999999999999091e+00
1.004766666666666453e+01
2.532999999999999918e+00
1.185999999999999766e+01
3.073999999999999844e+00
4.396333333333332760e+00
2.834500000000000242e+01
1.014900000000000091e+01
1.336066666666666869e+01
1.317599999999999838e+01
1.086566666666666947e+01
3.268333333333332646e+00
9.965333333333335375e+00
1.142866666666666653e+01
1.111500000000000199e+01
3.215666666666666451e+00
4.598333333333332718e+00
6.126999999999999780e+00
1.683599999999999852e+01
4.415000000000000036e+00
1.237066666666666670e+01
1.235866666666666802e+01
1.205324999999999847e+01
3.598166666666666202e+01
1.192866666666666653e+01
1.070366666666666688e+01
4.769266666666667476e+01
1.406033333333333424e+01
4.566999999999999282e+00
1.427699999999999747e+01
1.079699999999999704e+01
1.566333333333333133e+00
1.358399999999999963e+01
1.330533333333333346e+01
4.615999999999999659e+00
9.464000000000000412e+00
6.519999999999999574e+00
2.837233333333333363e+01
1.230400000000000027e+01
7.407333333333331105e+00
3.349666666666666348e+00
1.079233333333333533e+01
5.028999999999999027e+00
7.209666666666664447e+00
2.045166666666666444e+01
3.683333333333332682e+00
4.156666666666667176e+00
1.010100000000000087e+01
1.162066666666666670e+01
1.815277777777777857e+01
1.306333333333333258e+01
6.343666666666664788e+00
2.332133333333333169e+01
1.049066666666666769e+01
3.099666666666666348e+00
2.063966666666666683e+01
3.877999999999999670e+00
1.202366666666666539e+01
3.853333333333332167e+00
1.509933333333333394e+01
3.994933333333332826e+01
3.807200000000000273e+01
1.358033333333333381e+01
1.363866666666666738e+01
1.089066666666666805e+01
5.464666666666667894e+00
3.346666666666667123e+00
1.019033333333333324e+01
9.973333333333334494e+00
2.960999999999999410e+00
4.084733333333333860e+01
2.407633333333333070e+01
1.324466666666666725e+01
6.319666666666666544e+00
4.661800000000000210e+01
8.515666666666666273e+00
5.906333333333334323e+00
3.251999999999999780e+00
3.994333333333333957e+00
1.129599999999999937e+01
3.936200000000000188e+01
1.184533333333333260e+01
3.202333333333333698e+00
7.892666666666666053e+00
5.166000000000001258e+00
1.235966666666666569e+01
5.903333333333334210e+00
1.159566666666666457e+01
4.081666666666666110e+00
1.342366666666666752e+01
6.037999999999999368e+00
3.559199999999999875e+01
3.097666666666666124e+00
5.665333333333332000e+00
1.279733333333333434e+01
1.351333333333333364e+01
1.111099999999999888e+01
4.409266666666667334e+01
1.191233333333333277e+01
1.458300000000000196e+01
2.228000000000000203e+00
1.822933333333333650e+01
4.959333333333333371e+00
9.763333333333330089e+00
1.380633333333333290e+01
5.589000000000000412e+00
4.789000000000000590e+00
3.666666666666666519e+00
1.248833333333333329e+01
1.294733333333333469e+01
4.202233333333334286e+01
1.334800000000000075e+01
1.768999999999999773e+01
9.368666666666667808e+00
1.367166666666666863e+01
5.556333333333332902e+00
3.891133333333334576e+01
1.901366666666666916e+01
8.434000000000001052e+00
5.321666666666667211e+00
1.315266666666666673e+01
1.274766666666666737e+01
1.291933333333333245e+01
3.954333333333332146e+00
5.274000000000000021e+00
2.419333333333333336e+00
2.009399999999999764e+01
8.899000000000000909e+00
6.798666666666665748e+00
1.263394444444444709e+01
1.247799999999999976e+01
2.275966666666666782e+01
6.212333333333333485e+00
9.253000000000001890e+00
8.001666666666665151e+00
1.762300000000000111e+01
4.492099999999999937e+01
1.278766666666666652e+01
2.038966666666666683e+01
8.704333333333332590e+00
1.424666666666666437e+01
1.526666666666666838e+00
5.086000000000000298e+00
1.317300000000000182e+01
1.261000000000000121e+01
1.339333333333333442e+01
4.188999999999999169e+00
1.386266666666666580e+01
1.586900000000000155e+01
1.144733333333333114e+01
1.034966666666666768e+01
1.314800000000000146e+01
2.758333333333332860e+01
1.303349999999999831e+01
1.275499999999999901e+01
1.081466666666666576e+01
1.098699999999999832e+01
4.962777777777777288e+00
3.695000000000000284e+00
5.939333333333333798e+00
1.385599999999999987e+01
9.135333333333333528e+00
1.945333333333332915e+00
2.684999999999999609e+00
7.721000000000000085e+00
1.361200000000000010e+01
5.120999999999998664e+00
1.373066666666666613e+01
5.755000000000001670e+00
8.530999999999998806e+00
2.038166666666666416e+01
7.741666666666665364e+00
1.782333333333333547e+00
1.367666666666666764e+01
9.844999999999997087e+00
1.110933333333333373e+01
1.119566666666666421e+01
1.395299999999999763e+01
7.006000000000000227e+00
2.537300000000000111e+01
7.339000000000000412e+00
1.195566666666666933e+01
1.532299999999999862e+01
5.724666666666667680e+00
1.140844444444444505e+01
1.936333333333333329e+01
2.566333333333334021e+00
1.355899999999999928e+01
2.885466666666666669e+01
8.762000000000000455e+00
2.585366666666666546e+01
9.980000000000000426e+00
4.410699999999999932e+01
1.129866666666666752e+01
1.345033333333333303e+01
5.065333333333333243e+00
1.087800000000000189e+01
5.858999999999999986e+00
4.213666666666665783e+00
1.909199999999999875e+01
1.340666666666666629e+01
1.250000000000000000e+01
6.174333333333335005e+00
4.077733333333333121e+01
1.114200000000000301e+01
1.117316666666666869e+01
5.929000000000001158e+00
1.544341666666666946e+01
1.322966666666666846e+01
1.340833333333333144e+01
5.627666666666666373e+00
3.770999999999999464e+00
5.293999999999999595e+00
6.916333333333332334e+00
2.216566666666666663e+01
4.881333333333333968e+00
4.899000000000000021e+00
1.627433333333333110e+01
1.352966666666666740e+01
1.224200000000000088e+01
1.398499999999999766e+01
1.657533333333333658e+01
4.484366666666667101e+01
4.253666666666666707e+00
4.081666666666666998e+00
1.328661111111111381e+01
1.385266666666666602e+01
6.125999999999999446e+00
1.941133333333333155e+01
1.126366666666666738e+01
1.931500000000000128e+01
3.772666666666667279e+00
8.983999999999999986e+00
1.271333333333333293e+01
1.636333333333333329e+01
1.067533333333333090e+01
4.666333333333332334e+00
1.322066666666666634e+01
4.360666666666667801e+00
1.481333333333333258e+01
1.377766666666666673e+01
3.770000000000000462e+00
5.356999999999999318e+00
5.241333333333333400e+00
3.568633333333333013e+01
1.078533333333333566e+01
1.323400000000000176e+01
1.299300000000000033e+01
3.425833333333333286e+01
5.046333333333334004e+00
1.198200000000000109e+01
3.426433333333333309e+01
1.047600000000000087e+01
1.858166666666666700e+01
4.269000000000000128e+00
3.989666666666666472e+00
1.022566666666666535e+01
3.608999999999999986e+00
3.964233333333332610e+01
8.024333333333334650e+00
9.872666666666665591e+00
4.648666666666666281e+00
3.249333333333333851e+00
3.040333333333333332e+00
6.366666666666665364e+00
6.380000000000000782e+00
2.735666666666666913e+00
1.037533333333333374e+01
1.360433333333333294e+01
1.286233333333333206e+01
5.125333333333332853e+00
7.375666666666664817e+00
8.790333333333334664e+00
1.354699999999999882e+01
1.660400000000000276e+01
4.390666666666665385e+00
7.346999999999999531e+00
8.357666666666665023e+00
4.876333333333333186e+00
6.115999999999999659e+00
1.262975000000000136e+01
4.923000000000000931e+00
1.101466666666666505e+01
4.103666666666666352e+00
4.518666666666666387e+00
5.205566666666666009e+01
3.547333333333333893e+00
4.724666666666666792e+00
3.666666666666666519e+00
5.575333333333333918e+00
1.112499999999999822e+01
4.536666666666667069e+00
3.112333333333332952e+00
6.938666666666666316e+00
1.643200000000000216e+01
2.052000000000000046e+00
2.110133333333333638e+01
1.907533333333333303e+01
7.392333333333332313e+00
2.672999999999999599e+00
3.140799999999999770e+01
4.152666666666666728e+00
1.078933333333333167e+01
4.085599999999999454e+01
9.302666666666668860e+00
6.062999999999999723e+00
8.530999999999998806e+00
1.326433333333333486e+01
5.429666666666665975e+00
1.080666666666666664e+01
1.076233333333333242e+01
6.106500000000000483e+00
6.680999999999999162e+00
1.264533333333333154e+01
1.401699999999999946e+01
4.399666666666666615e+00
8.419999999999999929e+00
1.512233333333333185e+01
4.497666666666666480e+00
1.070066666666666677e+01
3.904333333333333655e+00
1.936133333333333439e+01
4.382600000000000051e+01
1.279833333333333378e+01
4.218833333333332547e+00
1.206966666666666832e+01
1.379033333333333289e+01
1.081833333333333336e+01
3.409133333333333127e+01
9.414666666666667183e+00
2.166333333333333222e+00
3.548999999999998600e+00
3.775666666666666504e+00
2.005266666666666353e+01
1.459533333333333083e+01
1.281666666666666643e+01
3.591200000000000614e+01
7.995000000000000107e+00
6.657666666666665733e+00
1.180266666666666886e+01
1.551366666666666561e+01
4.053999999999999382e+00
3.626199999999999335e+01
1.349441666666666606e+01
2.024133333333332985e+01
5.980466666666666242e+01
1.068299999999999983e+01
4.357333333333333059e+00
1.681933333333333280e+01
2.165333333333333776e+00
9.491666666666668917e+00
4.636333333333333862e+00
2.963533333333333175e+01
9.157666666666665733e+00
1.487033333333333118e+01
5.290666666666668405e+00
5.385666666666665492e+00
1.410866666666666802e+01
4.574333333333332696e+00
1.346366666666666667e+01
2.051299999999999812e+01
2.836700000000000088e+01
2.290333333333333776e+00
3.025999999999999357e+00
1.148800000000000132e+01
3.207666666666666000e+00
2.358999999999999986e+00
1.076333333333333186e+01
6.421000000000000263e+00
1.566322222222222216e+01
2.741666666666666252e+00
1.377391666666666836e+01
9.782333333333331993e+00
1.058733333333333348e+01
8.609333333333331950e+00
7.505999999999997563e+00
4.995999999999999552e+00
1.111933333333333351e+01
1.381791666666666707e+01
2.279333333333332945e+01
1.385766666666666680e+01
1.400766666666666538e+01
7.681999999999998607e+00
3.197066666666666990e+01
4.839799999999999613e+01
2.872299999999999898e+01
2.348099999999999810e+01
5.709999999999999964e+00
9.878333333333333854e+00
3.428433333333332911e+01
3.403666666666665730e+00
1.345733333333333270e+01
1.444599999999999973e+01
3.065333333333333687e+00
1.595666666666666522e+01
1.260733333333333483e+01
1.652377777777777723e+01
1.061766666666666836e+01
2.386433333333333451e+01
1.120233333333333192e+01
3.146566666666666734e+01
1.349299999999999855e+01
2.259999999999999787e+00
1.261966666666666548e+01
2.427000000000000313e+01
1.336233333333333562e+01
5.287666666666666515e+00
9.350666666666667126e+00
1.768533333333333601e+01
7.026999999999999247e+00
2.332333333333333147e+00
6.462333333333333485e+00
9.831999999999997186e+00
1.326433333333333309e+01
1.962666666666667004e+00
6.484999999999998543e+00
4.134333333333333194e+00
9.089333333333334153e+00
1.426399999999999935e+01
5.552333333333334231e+00
1.092733333333333334e+01
1.484000000000000208e+00
3.104999999999999538e+00
2.038666666666666849e+00
7.958666666666665002e+00
2.734999999999999876e+00
3.364766666666666595e+01
5.573333333333335027e+00
5.677999999999999936e+00
1.367699999999999960e+01
5.101333333333332831e+00
1.326233333333333420e+01
1.835566666666666436e+01
3.711533333333333218e+01
1.164169444444444679e+01
4.809833333333332739e+00
1.390700000000000180e+01
3.954533333333333900e+01
6.522999999999998799e+00
9.378999999999999559e+00
1.488700000000000045e+01
3.903999999999999471e+00
7.137000000000000455e+00
2.897199999999999775e+01
7.433133333333333326e+01
1.989299999999999713e+01
9.310999999999999943e+00
9.391666666666663943e+00
8.656000000000002359e+00
1.831066666666666976e+01
4.316500000000000448e+00
1.044983333333333420e+01
1.340299999999999869e+01
1.320900000000000318e+01
1.380433333333333579e+01
1.013766666666666438e+01
4.536999999999998145e+00
5.143333333333332646e+00
1.293500000000000050e+01
1.610933333333333550e+01
1.968366666666666731e+01
1.532249999999999801e+01
1.155300000000000082e+01
6.522999999999998799e+00
1.679200000000000159e+01
4.961000000000000298e+00
1.580811111111111167e+01
5.375666666666666593e+00
7.337000000000000632e+00
3.559766666666666168e+01
1.314166666666666750e+01
4.691999999999999282e+00
9.171666666666665080e+00
1.370800000000000196e+01
5.287666666666666515e+00
1.307033333333333225e+01
6.234333333333333727e+00
6.194333333333333691e+00
2.989333333333332732e+00
1.362233333333333363e+01
3.526833333333333087e+01
